651
100
662
203
148
760
146
406
184
679
640
855
493
13
253
737
821
333
335
345
799
945
427
915
373
780
233
313
416
242
6
718
752
131
1
266
815
603
127
988
599
570
712
453
804
434
260
498
428
579
725
508
452
601
557
42
793
973
80
974
145
540
40
359
972
835
720
781
894
346
719
660
377
349
124
460
150
267
578
514
204
99
866
545
8
600
724
442
392
525
420
63
185
971
272
354
886
529
807
892
749
331
350
77
182
95
163
422
303
196
981
979
958
669
613
476
19
251
587
293
695
379
351
592
494
323
58
609
706
963
560
369
157
426
533
805
867
115
644
368
34
776
138
980
223
232
207
802
365
547
641
314
713
484
190
951
239
56
773
22
490
330
438
664
550
941
300
30
504
288
114
257
826
861
677
998
936
864
159
338
827
194
61
789
647
900
443
235
630
79
876
391
418
850
511
48
990
249
381
588
519
38
356
517
829
653
942
800
925
342
387
250
946
985
824
907
67
455
564
477
209
161
836
909
885
551
893
29
627
708
166
458
745
296
739
337
241
848
801
528
53
424
733
931
717
474
5
818
191
541
901
421
451
576
503
975
806
868
899
419
339
305
90
787
939
929
41
258
378
366
211
983
769
176
151
405
448
859
130
467
73
279
348
964
149
31
784
121
817
304
748
15
329
178
326
732
767
200
394
363
464
139
468
480
785
751
462
497
445
361
698
261
764
237
320
625
559
516
943
334
142
661
202
814
798
905
658
816
276
687
742
409
71
50
246
857
723
714
738
299
558
370
750
358
596
243
265
986
76
140
605
566
668
389
657
582
129
763
932
16
874
707
638
629
955
996
565
967
771
768
102
671
134
316
402
956
395
648
561
743
252
439
734
282
865
916
189
111
650
156
160
103
94
731
0
125
727
839
294
692
710
928
491
633
759
83
274
364
521
2
736
539
60
991
555
665
682
934
813
199
277
212
820
676
741
89
309
268
87
992
744
388
716
487
128
908
690
264
645
622
24
636
433
117
244
944
262
144
171
530
311
457
812
856
197
283
536
65
628
234
643
499
248
537
976
449
275
902
116
903
397
230
465
269
843
36
483
803
688
957
435
583
594
808
520
123
735
328
635
597
912
631
187
69
887
398
236
21
849
914
478
794
524
571
27
39
746
689
11
340
655
705
860
618
920
607
954
948
175
81
120
765
463
355
20
488
32
674
489
620
383
937
101
133
169
486
437
531
473
595
875
904
987
700
466
845
947
825
873
295
513
217
9
219
49
220
953
172
910
113
512
523
322
851
7
792
575
307
85
696
993
879
68
290
897
403
206
119
292
136
164
791
273
869
693
563
982
691
881
543
577
126
152
667
208
841
654
28
518
782
106
778
740
842
66
153
989
254
222
122
423
685
450
174
830
118
430
611
298
610
205
374
143
82
862
639
950
775
86
224
259
137
35
779
847
694
790
949
774
216
226
755
186
214
527
777
680
831
454
684
846
4
412
656
319
898
858
853
959
617
231
809
711
534
54
612
877
837
663
923
496
977
978
308
922
492
93
632
852
47
509
344
796
616
896
811
917
411
701
544
357
833
604
788
332
475
75
884
888
970
470
906
221
505
761
591
396
766
147
52
783
376
623
838
158
291
170
730
772
347
107
192
336
593
92
598
649
440
756
367
709
162
459
227
495
522
930
871
823
45
834
84
969
98
927
938
225
72
602
567
863
889
461
46
891
621
213
362
315
615
179
952
312
581
407
384
472
3
586
502
926
297
757
195
286
165
10
271
23
554
500
401
415
485
675
482
371
183
177
446
341
154
895
188
57
999
431
255
413
408
702
883
568
585
97
797
17
317
683
14
385
375
18
870
135
747
88
965
681
399
70
78
12
966
652
699
786
911
393
436
380
181
646
984
352
882
193
510
754
995
506
229
590
549
921
37
245
198
722
284
270
753
678
626
43
584
703
456
913
104
324
666
302
670
168
210
218
608
556
256
59
173
968
880
729
501
997
26
327
810
325
854
481
425
704
546
624
109
580
872
526
74
306
301
542
762
110
321
960
372
238
417
64
538
215
795
318
637
961
469
994
390
278
105
410
535
933
141
924
96
360
918
479
155
432
55
822
840
382
553
634
400
697
606
201
935
33
673
447
287
962
310
441
686
263
44
240
108
758
280
228
281
404
770
515
289
444
940
619
573
819
25
726
919
247
112
91
386
429
552
548
132
285
353
878
828
614
589
51
642
672
715
471
569
507
721
343
180
167
562
62
728
574
844
659
572
832
414
890
532
1000
340
208
385
518
10
901
836
881
381
331
500
606
434
845
610
915
108
60
393
419
222
310
246
736
809
314
480
789
615
119
995
210
35
192
329
59
582
14
620
322
799
446
283
428
81
960
616
973
635
402
567
357
498
404
883
856
516
150
908
294
26
40
462
448
832
141
344
786
19
749
590
382
56
825
909
624
546
664
104
159
378
787
795
941
254
142
588
841
898
910
678
989
238
249
952
697
978
34
412
167
929
98
956
287
153
475
569
262
842
926
185
942
458
133
766
496
852
798
162
213
654
870
708
416
16
659
206
843
362
54
203
911
539
661
614
564
96
204
366
415
524
523
683
700
774
58
936
642
556
827
504
356
88
682
319
893
247
201
267
563
967
300
494
181
724
778
230
268
681
94
28
236
914
854
514
667
672
395
328
216
457
618
505
348
229
701
227
456
770
796
775
924
889
723
463
358
864
182
303
551
612
837
777
675
425
47
846
107
646
359
55
838
485
965
405
316
542
315
293
335
102
591
974
211
12
899
289
120
705
432
633
716
325
791
364
209
111
811
578
833
884
810
544
768
436
693
793
461
399
756
754
138
86
123
800
384
976
361
407
698
499
555
228
522
805
871
623
186
969
769
905
317
998
702
417
284
420
607
765
947
427
3
161
977
355
531
876
170
8
727
935
31
242
506
7
922
169
160
750
334
939
390
299
455
652
594
945
748
414
64
501
394
903
668
125
164
132
520
379
695
557
579
121
788
670
83
932
601
187
987
957
970
548
280
923
731
897
822
383
604
988
400
699
568
166
398
964
896
168
106
882
583
686
784
597
773
859
785
808
527
212
158
65
706
44
643
666
990
413
470
725
840
885
217
151
77
663
53
966
687
753
250
482
792
337
645
554
734
237
495
478
801
541
874
971
78
872
685
454
580
849
928
745
67
368
38
826
189
452
570
202
139
866
940
277
673
621
814
762
993
848
2
648
304
221
985
252
292
955
184
875
135
880
110
959
963
148
751
930
714
858
312
101
671
20
243
944
43
46
146
270
674
655
600
728
543
346
171
764
933
658
772
251
981
552
572
892
354
173
225
464
199
644
921
369
30
442
735
278
647
332
481
999
721
718
118
323
730
245
946
861
259
744
712
50
958
194
829
528
704
342
550
85
100
0
830
445
742
925
679
510
372
894
782
411
986
609
996
22
802
927
886
191
403
487
418
198
521
220
821
195
320
363
651
888
638
660
62
140
906
476
694
602
689
562
831
720
491
857
949
771
93
538
630
752
534
386
839
15
813
472
740
39
631
532
74
25
703
295
177
953
536
144
738
641
338
483
239
256
336
207
52
468
190
502
4
891
613
305
430
818
684
9
253
887
235
63
27
707
57
961
797
387
45
513
365
488
763
459
991
477
147
918
465
82
29
154
157
306
869
233
105
589
948
767
503
61
934
855
605
274
561
392
286
196
867
175
669
24
617
375
5
737
376
479
815
466
156
258
126
318
525
152
377
440
746
103
938
878
76
677
149
873
261
592
374
755
51
719
89
33
747
571
937
519
438
596
72
197
984
97
113
890
396
529
200
545
471
330
215
279
435
758
223
84
688
574
902
324
566
972
662
115
426
439
919
232
509
816
954
307
145
21
92
321
611
41
577
349
17
817
650
690
367
260
447
266
263
183
71
573
824
389
380
968
18
997
535
599
127
431
913
547
269
628
69
904
353
853
863
371
807
493
560
559
410
79
823
143
715
73
290
272
812
790
877
134
174
950
733
912
391
595
343
327
271
350
285
441
656
508
722
729
844
48
231
99
130
761
586
6
629
760
603
347
951
95
992
401
351
907
437
779
622
37
444
585
711
982
743
467
297
421
449
834
696
710
759
507
862
598
137
241
819
129
339
75
388
301
515
530
370
451
124
803
537
739
423
352
163
257
847
741
804
23
179
218
484
776
879
345
244
931
273
180
490
649
850
422
68
757
255
117
794
248
288
634
851
408
593
234
302
188
311
692
11
226
581
193
665
308
176
128
676
576
429
433
511
860
66
943
360
549
895
397
131
497
558
994
264
526
36
453
709
732
341
474
680
783
917
178
565
639
409
627
406
512
42
726
900
136
114
780
820
298
868
240
13
533
486
632
281
489
469
553
640
806
282
450
91
975
492
962
979
205
626
916
608
619
713
165
625
32
473
326
296
540
657
265
109
691
575
443
291
637
87
116
122
584
835
373
70
424
983
214
781
219
636
276
275
920
80
587
828
49
717
980
309
653
112
865
333
1
90
224
172
517
155
313
460
1001
225
210
807
686
334
79
499
241
636
767
720
120
252
127
147
821
694
571
897
107
729
984
998
469
937
198
433
353
554
570
639
214
31
624
160
616
335
185
633
895
92
434
143
367
463
604
916
598
541
177
831
84
641
924
659
380
338
575
665
911
967
64
718
276
793
315
38
490
970
786
647
392
59
440
271
513
401
703
964
753
692
959
628
475
714
735
559
459
501
857
779
761
341
522
579
785
769
67
70
205
830
999
389
29
819
217
534
20
933
918
193
465
486
285
890
231
417
130
864
396
441
372
893
409
827
587
178
713
17
233
8
848
839
272
611
656
49
211
446
600
517
173
153
939
732
874
378
28
54
458
1
346
102
445
987
502
27
251
157
100
523
352
592
76
610
597
294
861
588
117
11
780
963
238
574
57
345
725
154
114
442
366
145
688
581
590
493
865
35
87
311
653
86
427
705
230
90
736
444
9
30
903
820
979
91
288
940
361
159
635
273
650
884
255
931
326
236
283
82
521
377
912
264
989
14
748
384
771
634
456
823
568
435
491
254
321
913
132
181
661
657
950
13
320
268
428
425
709
140
37
63
980
586
870
680
419
985
710
472
642
494
137
313
755
179
792
838
564
544
519
10
293
344
133
131
23
921
171
400
731
768
567
512
808
762
109
124
593
723
945
360
533
306
393
901
122
448
511
649
484
149
510
429
563
759
16
711
364
687
21
561
44
454
514
794
816
795
94
304
882
663
528
722
318
77
418
591
775
337
188
834
797
772
138
529
2
620
275
96
750
308
878
473
802
667
724
34
228
681
990
395
42
0
201
594
540
221
388
242
791
520
947
250
730
184
6
312
325
814
328
810
867
644
407
845
891
783
988
105
981
889
66
136
858
749
466
249
455
307
369
452
915
52
556
48
700
40
403
222
65
902
745
849
191
538
386
840
645
648
643
7
471
207
62
333
938
926
478
585
756
566
601
829
557
740
582
920
626
432
399
576
669
298
123
733
381
75
500
919
960
72
310
535
470
50
673
349
841
803
3
354
183
488
167
289
163
596
176
978
922
826
162
258
203
551
508
235
220
992
811
248
146
787
422
948
873
757
12
690
286
927
507
863
833
995
715
589
497
966
340
505
93
431
32
818
957
83
646
612
734
932
186
411
953
716
742
698
370
944
619
888
391
809
675
638
447
103
36
299
547
685
956
943
420
887
815
81
482
129
868
701
531
296
671
476
317
621
267
744
234
699
886
449
58
836
983
862
631
640
660
329
155
161
562
26
263
158
847
166
789
548
846
719
126
682
605
356
246
606
197
853
629
97
524
812
212
277
78
993
743
451
71
244
905
115
954
623
322
824
961
879
98
169
151
986
209
804
942
852
397
613
261
737
55
365
883
676
602
904
245
357
778
842
284
262
758
323
46
618
962
41
204
53
247
929
763
946
801
485
113
301
975
88
243
74
726
269
509
415
871
316
291
5
464
119
215
555
282
560
99
192
941
558
481
854
798
752
907
693
971
468
305
270
424
196
550
19
412
405
168
489
668
111
670
253
684
539
603
324
89
467
877
226
379
165
615
496
632
125
406
856
832
689
637
851
172
450
706
800
677
880
144
872
80
362
462
331
764
187
343
141
973
844
474
319
991
835
457
899
770
266
822
976
545
436
200
696
278
390
347
614
760
788
530
69
202
972
174
375
546
776
383
584
24
300
572
875
487
332
525
182
866
280
974
498
382
426
413
727
622
577
908
128
265
951
747
526
655
95
477
33
495
708
232
274
56
302
583
281
595
85
104
43
537
394
876
45
855
766
928
139
536
658
376
259
175
108
348
135
402
219
782
850
925
914
461
666
518
930
292
18
580
118
480
741
110
773
746
691
738
859
358
359
218
416
553
327
728
438
15
695
784
148
717
799
825
414
994
527
363
479
39
781
150
952
239
189
923
504
439
423
260
552
543
47
935
965
896
662
297
134
977
385
156
906
739
237
617
881
216
607
828
754
483
569
387
309
697
949
453
421
351
437
229
339
869
373
371
909
573
837
460
142
790
997
894
213
116
257
817
683
492
287
654
516
608
532
22
805
515
224
707
256
503
170
955
206
279
51
195
704
898
73
398
208
25
917
61
813
223
627
121
542
968
190
112
408
599
506
443
969
806
106
630
934
290
101
982
199
892
404
303
625
996
342
900
651
350
336
672
774
958
374
60
314
936
565
664
164
777
702
227
549
652
4
679
712
410
843
885
368
180
152
910
430
578
355
796
609
860
751
194
765
721
674
330
68
295
240
678
1002
477
832
703
23
142
616
860
350
197
501
25
482
938
663
825
980
193
274
254
699
110
462
726
52
170
471
70
932
207
946
741
636
936
752
300
952
51
521
114
772
420
789
262
716
809
401
75
244
279
667
598
955
915
308
979
718
463
129
780
56
529
630
541
441
804
252
914
383
504
143
710
21
648
963
793
907
497
666
360
474
629
722
782
253
728
27
583
862
818
430
824
222
258
116
811
787
895
878
492
609
349
747
351
82
245
545
911
489
906
679
460
786
237
316
188
820
438
206
594
466
408
357
296
436
276
376
435
612
615
983
509
74
500
926
487
675
180
607
409
512
411
543
337
888
645
377
603
50
539
415
228
839
287
398
738
625
886
843
481
743
735
323
678
322
682
674
77
866
9
166
140
840
759
700
236
407
705
306
121
601
559
937
999
646
20
748
17
198
465
855
135
692
548
54
742
934
417
362
141
406
632
564
373
109
421
882
3
346
221
49
325
873
694
494
595
677
889
157
55
179
589
554
709
342
720
219
814
304
683
36
684
608
448
572
725
621
880
139
822
243
327
321
757
927
861
165
606
891
943
498
910
312
79
424
367
35
34
292
971
146
329
528
995
183
714
241
195
707
476
366
865
881
220
653
988
155
660
229
756
773
177
447
63
864
845
311
58
257
331
13
800
176
429
389
232
695
358
433
238
518
455
867
813
196
4
733
783
745
966
318
148
456
495
732
137
413
115
791
393
370
127
41
688
984
224
491
205
801
490
503
676
173
871
681
169
159
444
863
281
124
975
805
544
831
619
364
571
451
573
214
392
189
10
375
530
719
516
649
658
723
519
561
163
395
651
890
332
352
191
249
217
174
426
102
255
345
810
672
969
439
309
391
582
537
842
507
593
727
111
118
100
467
340
144
868
434
734
57
923
869
644
794
578
379
90
416
227
947
239
987
898
319
691
365
499
267
985
596
916
823
133
798
277
635
652
647
151
929
989
588
942
335
591
796
775
941
126
390
87
698
902
280
158
540
387
574
928
724
897
356
851
69
153
527
959
597
225
344
45
440
313
549
150
107
996
423
374
233
348
970
443
799
731
147
446
853
965
708
834
231
948
760
149
655
213
11
953
774
740
261
250
577
404
977
875
701
190
113
570
847
657
579
887
551
47
161
293
627
884
622
693
394
192
846
542
960
795
39
256
925
470
968
162
320
493
599
954
385
526
334
98
712
841
550
623
826
117
950
626
990
997
885
61
123
83
524
400
899
779
108
776
28
515
46
359
585
903
246
945
642
563
425
656
833
879
764
95
339
790
66
949
418
754
181
849
637
138
614
729
260
272
266
301
532
314
665
40
103
557
668
964
30
784
562
449
484
919
604
905
900
94
204
892
547
917
852
488
717
962
575
857
872
480
750
816
171
399
673
62
384
538
555
533
96
994
986
565
291
403
638
721
247
85
933
744
91
363
944
15
310
696
422
940
97
80
918
746
837
136
896
6
156
38
211
145
341
828
821
920
73
830
130
307
958
182
749
922
613
850
31
921
405
711
81
200
685
803
187
92
704
560
763
428
505
212
336
382
859
531
602
453
765
475
216
268
972
271
203
771
278
452
160
982
419
427
1
974
134
473
104
119
215
535
284
64
442
199
912
369
333
517
101
520
259
125
432
186
702
459
877
397
924
53
60
44
355
99
485
848
633
566
347
209
263
410
368
587
386
781
7
671
664
567
338
639
288
617
328
908
624
24
283
605
797
662
457
569
71
178
568
761
697
690
730
939
361
37
305
737
576
777
235
631
835
778
904
510
43
993
978
388
172
330
883
202
661
18
513
856
628
380
128
508
769
381
354
378
502
324
901
371
643
59
242
67
303
33
299
175
2
265
706
32
26
167
753
223
76
736
269
713
22
590
687
12
767
768
654
185
536
893
154
961
689
870
844
234
894
461
659
464
640
68
909
610
19
600
967
785
586
807
468
282
343
450
8
89
930
431
817
286
472
876
412
445
210
808
552
264
838
812
132
230
611
29
956
534
766
686
240
715
65
184
93
751
634
618
854
496
479
273
556
680
592
858
105
525
396
806
437
511
290
297
88
973
935
5
302
326
836
251
650
122
120
522
402
558
317
84
294
981
931
770
16
168
248
827
48
992
584
226
514
131
458
454
802
755
620
201
762
72
758
739
951
819
991
523
372
194
998
829
218
152
546
469
164
0
208
289
483
14
106
506
792
478
976
913
42
486
270
957
641
315
353
670
669
874
78
86
112
581
815
298
414
788
580
553
295
285
275
1003
969
164
795
957
37
717
845
555
34
419
709
718
847
684
375
131
762
611
740
203
942
924
632
869
746
758
31
343
765
943
780
521
340
608
645
299
396
810
725
91
281
643
172
315
607
734
185
108
191
787
577
794
129
619
362
225
858
93
78
529
876
976
192
834
499
11
644
297
508
205
955
542
558
767
465
387
875
839
246
653
702
64
641
989
237
488
355
520
341
853
956
739
547
4
307
441
900
431
880
72
748
779
241
745
272
51
781
815
243
364
239
919
53
127
379
993
48
194
304
533
122
510
440
908
630
275
222
426
835
149
399
288
897
814
44
368
42
253
842
802
180
574
708
287
60
519
85
792
933
505
456
965
922
698
30
83
728
972
333
773
190
71
228
482
156
471
532
772
478
747
659
360
132
233
179
461
118
841
642
920
428
147
971
332
655
280
675
705
856
55
910
361
851
187
189
536
476
587
457
777
685
384
49
707
805
840
690
328
215
602
671
3
915
296
276
80
193
651
295
70
756
99
688
586
487
575
932
177
887
911
347
420
515
719
807
950
383
931
637
633
604
699
444
198
560
477
261
980
825
472
616
826
181
947
26
624
721
973
983
735
245
606
6
50
337
173
74
385
216
733
234
860
640
768
686
898
417
410
97
654
390
770
130
21
29
862
100
151
453
571
143
314
298
716
25
139
925
490
812
238
106
56
732
480
402
84
576
393
95
254
610
290
459
161
421
759
144
115
195
953
121
219
39
13
163
517
753
966
961
791
935
704
824
569
498
761
553
545
271
729
73
863
116
700
76
63
982
59
877
648
214
612
689
954
69
398
186
201
723
137
468
793
713
541
120
914
23
669
86
892
401
986
974
218
701
197
912
598
909
155
798
617
303
326
33
145
964
126
277
763
742
885
775
818
584
105
597
667
183
913
535
938
864
518
208
382
464
647
170
146
962
593
995
573
45
210
715
951
500
857
493
128
687
157
551
666
749
790
823
171
5
286
816
565
40
82
994
473
866
28
588
407
636
104
504
582
546
408
423
590
213
850
330
79
450
631
466
291
539
557
200
652
353
622
549
356
821
492
999
448
168
87
386
397
620
336
526
992
17
639
784
138
325
800
256
46
117
693
345
978
525
458
35
554
269
349
585
371
123
344
66
324
267
318
514
409
879
302
415
646
242
469
352
501
135
599
977
158
359
744
730
852
581
102
603
321
394
436
819
140
182
273
657
958
871
783
985
550
41
811
433
714
274
247
703
301
451
594
534
859
618
370
18
75
865
804
43
926
229
918
614
294
226
112
367
54
895
313
720
439
941
374
868
527
479
979
445
609
544
662
946
395
592
114
904
474
251
836
621
366
512
561
937
678
338
736
430
939
224
136
376
162
377
306
10
154
412
380
305
101
882
369
449
889
373
832
320
227
400
799
917
907
776
567
432
463
890
896
293
786
665
309
429
563
743
771
212
497
204
722
236
968
829
893
828
538
929
150
282
997
316
528
342
854
331
638
20
928
404
600
797
89
260
289
405
806
391
357
927
543
16
960
945
595
230
801
948
52
984
381
949
975
36
881
507
944
750
248
883
559
930
365
578
416
335
447
1
888
844
833
339
351
47
414
522
435
65
760
418
258
695
427
635
741
737
774
153
591
142
683
769
491
329
425
495
905
901
681
81
838
111
731
872
403
940
169
738
319
166
668
796
475
422
502
257
694
963
311
589
764
452
462
568
664
209
628
217
392
878
778
873
62
861
952
627
822
496
680
199
310
350
107
67
455
846
96
481
250
820
710
270
782
936
240
68
438
623
231
279
32
211
14
921
817
548
119
2
196
124
98
987
706
530
509
160
489
934
679
434
752
625
615
424
411
988
322
110
141
837
711
7
292
916
235
348
848
724
902
109
159
221
785
572
413
220
660
249
766
583
460
167
677
268
870
92
484
103
537
15
264
605
133
388
113
661
650
308
467
692
285
755
300
12
207
57
252
443
358
849
22
38
9
317
0
346
312
58
831
923
884
596
470
658
446
991
524
19
751
613
867
843
485
996
263
152
757
442
77
90
188
513
259
334
378
389
125
663
363
676
511
174
967
148
531
283
202
516
998
673
506
894
483
899
674
437
726
178
8
886
855
959
88
656
696
327
990
601
562
244
580
670
284
165
874
255
175
323
61
570
406
626
891
354
232
970
727
27
552
691
265
809
566
503
134
634
206
564
754
808
579
454
24
672
184
903
697
649
372
223
827
556
486
176
789
494
788
813
540
906
830
712
629
523
682
266
94
262
803
278
981
1004
980
675
630
576
243
501
333
216
188
45
377
858
179
169
68
274
58
391
726
938
894
942
240
328
819
177
287
614
309
379
33
481
415
6
354
345
369
338
201
485
285
638
892
696
425
745
67
582
865
137
679
711
430
442
1
752
449
814
106
743
741
617
351
478
516
252
447
863
510
24
547
723
102
913
280
296
388
64
561
646
950
848
712
190
227
104
710
555
23
548
184
975
117
852
224
873
418
828
615
401
929
837
815
454
940
315
834
92
785
145
790
125
667
486
699
444
870
100
523
272
839
691
297
878
378
39
372
403
787
946
355
465
357
306
160
36
101
708
496
996
729
47
714
13
583
255
464
215
90
141
506
784
844
734
298
299
677
282
407
77
236
868
31
538
871
324
489
475
138
461
738
253
393
549
79
250
319
32
899
202
695
821
238
791
754
843
543
359
952
716
926
769
562
650
817
419
590
300
651
808
826
89
437
755
194
636
945
434
807
314
197
260
907
890
857
466
992
392
507
148
997
990
720
721
588
389
170
879
107
545
601
886
519
97
603
263
683
139
891
574
376
552
666
609
660
533
676
611
410
11
568
140
968
912
12
337
110
108
580
270
292
156
833
698
118
323
853
452
257
42
534
248
258
60
340
408
687
827
509
469
944
95
781
436
295
349
380
111
209
816
718
780
602
514
149
694
414
584
869
49
830
856
524
218
654
470
41
276
689
700
136
914
479
585
162
783
618
74
126
305
629
900
213
347
575
607
424
876
371
463
835
211
681
406
678
560
433
627
75
88
702
495
740
446
600
37
587
30
988
322
508
301
882
335
518
931
131
613
967
334
757
841
404
943
360
800
850
634
989
658
751
153
756
467
522
453
80
198
690
733
771
665
986
536
589
571
766
247
670
417
231
109
685
970
579
488
21
146
155
528
657
881
598
261
411
531
888
647
123
121
144
933
937
504
207
836
56
233
704
526
511
908
557
172
622
823
361
451
480
438
995
932
356
44
976
719
329
927
512
82
239
530
368
517
822
196
982
649
57
991
352
310
217
25
842
182
395
724
767
339
336
973
326
999
663
43
275
115
742
398
288
965
497
493
503
684
645
390
760
311
143
831
499
203
672
98
810
346
895
859
758
29
674
279
375
15
72
777
341
567
373
206
460
832
901
83
671
116
273
934
774
902
135
362
925
924
383
235
269
688
874
553
7
429
595
936
205
701
330
27
537
14
382
664
732
457
795
727
866
303
809
402
490
920
431
592
840
312
717
521
254
17
498
387
277
159
405
85
2
122
332
302
76
867
905
604
317
173
761
193
994
226
412
578
46
386
448
168
885
316
959
772
185
715
477
862
682
631
55
229
806
192
441
692
63
889
693
559
237
262
923
195
230
244
954
949
564
960
313
728
655
813
515
120
152
472
129
616
916
957
394
596
722
365
505
801
637
759
455
284
130
669
397
223
242
860
955
291
539
558
502
659
103
979
939
344
897
416
289
707
776
381
473
573
151
228
161
78
966
422
385
610
540
208
18
705
308
753
350
81
147
855
318
686
10
51
363
642
474
256
829
535
500
222
661
569
124
71
343
947
563
178
127
133
113
737
28
948
648
802
854
608
186
364
639
764
294
978
175
697
119
84
167
331
458
271
963
626
476
911
293
713
94
26
529
265
620
5
290
775
445
804
597
765
494
132
423
812
599
86
851
482
730
619
763
974
641
532
366
321
919
9
62
958
987
105
962
50
450
770
181
640
59
799
956
468
527
546
267
183
353
191
586
174
971
877
606
706
554
428
420
38
633
189
459
427
8
542
782
214
794
662
435
220
93
348
922
977
266
668
635
762
264
884
91
778
99
225
747
399
680
180
158
204
872
623
200
964
969
491
811
820
439
487
941
953
621
4
249
432
142
245
286
40
748
605
656
972
187
232
570
803
838
219
163
53
673
961
768
396
593
796
643
358
652
221
34
384
847
906
824
241
70
984
880
594
367
484
904
370
883
283
998
492
581
281
176
20
893
52
896
426
918
577
624
861
709
773
910
921
909
792
845
73
268
556
591
164
750
22
421
789
653
746
736
259
846
66
725
898
566
483
16
887
875
212
35
462
246
864
374
456
234
157
779
951
703
981
3
443
739
612
985
786
541
87
735
0
788
749
935
744
930
409
818
915
849
917
644
165
550
628
798
54
513
307
154
551
632
928
19
325
48
61
983
150
903
525
210
112
65
440
304
625
327
199
797
134
128
413
993
342
400
166
278
320
793
471
565
251
69
825
544
96
171
572
805
520
114
731
1005
71
730
420
657
838
577
50
165
134
318
590
365
722
579
622
859
304
320
644
361
42
976
930
705
9
844
142
531
486
532
915
511
942
211
388
201
729
809
774
55
633
132
665
383
126
384
214
957
596
764
378
972
659
993
631
723
575
561
228
865
688
45
268
632
456
312
694
14
617
512
670
781
104
788
150
310
932
144
23
734
651
787
879
754
428
943
900
502
862
172
179
606
985
926
925
333
236
85
941
325
802
891
20
777
592
376
175
123
482
10
488
947
171
389
652
515
344
778
4
425
776
90
714
704
818
745
755
558
224
770
424
737
783
591
946
658
912
905
222
782
120
347
555
991
824
599
726
413
92
667
397
96
499
877
315
287
437
173
317
194
213
589
133
130
968
300
341
206
526
490
83
73
863
978
181
735
306
205
244
193
223
909
801
805
11
719
285
603
81
621
34
725
265
813
640
674
242
797
2
841
896
434
326
473
25
840
758
72
928
303
836
498
693
908
280
466
698
290
699
202
459
913
922
672
974
792
696
161
308
422
748
789
892
898
684
601
116
825
66
362
715
744
509
477
808
998
406
305
823
624
51
952
87
843
872
721
109
871
131
513
655
559
32
299
450
452
796
829
409
541
403
143
476
167
846
918
21
593
105
572
609
677
46
445
327
252
965
99
183
902
923
281
363
907
706
390
584
784
137
988
550
821
379
625
878
567
627
164
571
368
906
470
851
522
874
747
585
910
110
152
763
707
37
648
636
675
769
618
520
582
731
256
728
316
457
924
17
364
436
102
799
869
399
992
197
977
654
100
695
817
446
336
867
421
478
373
107
864
653
885
311
741
218
620
298
733
663
689
980
614
786
257
903
112
807
919
967
881
159
209
643
147
103
876
227
554
901
761
219
313
780
549
444
939
899
19
507
405
539
277
275
826
814
245
393
798
297
474
720
255
700
416
710
611
260
407
286
848
882
69
204
435
533
339
195
920
647
243
215
356
607
812
917
966
634
369
540
18
831
940
834
5
108
766
458
271
911
945
828
656
676
852
615
345
64
232
950
60
67
870
238
88
48
234
713
505
442
65
887
641
340
806
497
296
78
58
510
598
750
850
210
111
460
712
149
337
153
858
61
182
504
506
63
135
447
626
426
673
857
760
74
207
963
26
261
430
534
309
97
773
375
380
294
856
793
106
845
484
724
187
122
293
934
630
897
819
455
958
338
619
258
192
231
401
240
649
495
894
883
331
762
990
6
70
569
551
387
628
537
54
697
501
335
594
216
38
815
496
402
494
535
772
979
53
465
536
995
264
141
151
933
174
248
921
785
759
307
433
349
163
233
568
556
791
970
953
39
62
35
692
839
854
177
904
75
986
148
544
886
666
645
768
811
230
79
860
514
616
263
960
276
587
386
283
203
382
86
608
27
52
472
820
574
289
400
969
566
44
822
997
948
588
114
396
381
771
827
418
269
732
553
358
605
612
500
987
944
752
429
999
650
576
118
487
113
357
411
29
581
129
235
527
423
262
884
682
716
804
971
241
951
332
419
36
22
82
12
352
931
548
489
346
743
564
462
448
481
334
43
711
0
888
322
145
272
432
935
702
217
454
408
981
328
168
13
565
832
961
372
530
385
604
117
80
49
671
740
685
835
40
984
681
438
610
342
895
282
319
738
983
189
469
360
629
525
301
775
370
156
962
162
127
198
191
868
138
680
521
849
708
623
115
98
508
366
756
668
547
669
417
321
861
975
169
24
367
485
717
794
140
866
3
660
779
392
464
178
439
563
323
989
394
212
291
229
449
638
8
251
767
853
128
524
267
351
703
185
936
292
639
348
190
139
250
600
47
529
226
956
353
570
68
994
955
284
93
517
76
359
664
790
414
938
855
1
749
33
937
557
727
441
121
528
597
16
642
440
954
746
810
471
431
635
279
678
239
847
467
371
124
443
7
751
573
125
329
973
91
542
155
453
404
463
516
246
578
546
221
451
302
225
220
833
410
461
427
927
31
816
753
562
176
889
646
247
288
739
253
518
146
637
479
803
757
266
690
180
101
28
519
188
57
330
742
237
270
41
343
170
583
184
30
691
278
595
523
274
503
391
893
200
136
880
492
158
718
837
916
119
736
709
679
800
295
491
873
354
157
350
765
480
875
56
186
890
964
795
395
324
929
701
586
160
602
77
196
412
415
613
15
543
259
314
475
687
59
661
84
374
249
830
914
683
493
377
662
355
94
996
483
552
959
545
166
273
580
199
538
254
949
154
686
398
89
842
468
560
982
95
208
1006
419
718
228
948
577
138
208
297
322
229
533
734
859
212
196
318
112
511
930
975
732
658
598
562
154
493
134
635
95
18
971
175
911
125
69
294
311
678
189
805
706
769
710
477
840
552
393
792
187
33
921
31
55
30
474
802
667
739
651
519
534
379
462
541
879
206
713
301
548
305
382
642
525
338
153
766
137
961
295
17
165
345
504
575
317
613
64
421
641
771
98
587
399
846
547
496
121
489
793
922
394
503
976
452
594
491
623
54
920
520
786
453
181
512
873
841
185
243
15
502
282
984
449
702
928
402
386
203
747
707
671
619
716
664
362
89
70
634
862
781
650
657
690
128
777
558
989
1
973
227
627
586
219
257
183
767
83
75
886
398
637
523
530
6
691
903
159
57
934
867
225
454
686
510
476
556
889
321
433
152
878
328
458
478
445
945
9
356
820
412
127
528
150
998
65
838
365
881
349
749
776
184
265
245
381
204
717
569
618
897
261
205
540
292
811
490
248
847
4
959
813
649
195
367
599
950
391
179
810
925
885
122
679
288
875
296
472
155
929
368
931
93
158
583
339
162
304
230
900
354
266
741
60
654
133
107
120
450
226
753
566
785
699
807
872
259
36
469
45
509
222
784
646
145
936
221
992
787
962
821
42
737
235
326
277
246
130
131
47
293
16
168
32
870
67
136
761
856
48
50
927
827
269
674
969
815
661
169
351
180
593
216
770
573
603
336
604
764
640
526
980
177
614
306
782
284
909
434
987
314
39
683
103
432
694
560
715
670
480
940
663
758
615
331
688
353
848
576
497
0
880
685
660
621
531
413
942
364
420
568
139
724
44
376
416
999
233
803
87
346
460
26
508
479
144
628
625
197
465
280
845
255
719
783
315
151
937
823
701
286
380
342
312
675
837
456
893
551
555
278
894
324
972
712
801
965
760
92
549
808
518
665
29
202
763
287
309
182
986
71
797
164
994
532
316
941
639
388
692
20
22
270
501
468
369
313
283
117
323
251
915
101
200
726
799
789
148
762
116
214
978
105
744
199
592
812
616
794
697
52
274
113
865
302
157
355
836
430
896
307
348
890
919
644
461
234
754
370
118
831
653
2
72
80
300
539
486
912
723
404
580
329
377
954
431
513
572
406
554
40
423
877
819
589
535
696
529
830
733
659
333
895
714
343
567
731
874
779
264
745
631
993
459
858
231
276
359
217
94
565
612
262
467
542
622
557
643
126
171
41
173
19
224
332
471
506
59
366
28
677
574
748
290
337
74
981
411
347
213
633
435
90
966
408
982
320
507
77
3
735
750
253
609
88
100
236
709
958
397
788
247
73
564
310
170
590
161
448
209
624
446
135
866
275
303
13
372
949
863
906
638
855
443
438
484
774
104
796
156
953
951
27
711
488
772
977
905
344
544
25
682
521
268
804
822
738
62
916
334
751
425
522
775
730
207
298
141
952
743
281
410
254
773
163
814
607
693
263
7
768
517
608
708
110
371
341
705
926
363
85
51
383
892
444
944
424
979
514
140
578
405
82
681
242
935
483
689
417
910
899
279
76
109
780
451
487
414
10
241
600
703
142
988
864
656
626
538
868
124
132
602
740
680
53
996
759
728
857
418
684
898
470
570
291
888
273
387
817
437
409
630
983
620
35
968
494
546
852
481
721
407
818
166
843
108
908
536
597
584
932
426
256
21
106
974
755
543
14
147
191
258
237
871
373
271
111
267
63
687
648
190
485
527
473
957
720
923
869
729
673
146
143
765
215
844
828
606
239
591
403
492
102
955
86
960
588
595
330
632
12
335
238
319
172
736
186
360
193
582
167
861
668
422
537
725
902
839
795
752
119
791
809
559
907
917
611
400
647
669
824
550
352
56
8
427
695
358
285
806
778
308
834
756
585
392
970
176
389
249
289
629
96
272
11
429
636
174
901
466
220
700
37
645
849
883
357
5
933
854
99
995
904
188
160
390
581
676
440
178
596
58
378
826
561
436
515
97
967
943
924
991
340
851
498
250
439
914
964
441
704
853
210
260
457
938
385
396
662
832
123
81
201
463
375
325
882
884
499
757
401
442
395
240
252
194
129
601
68
24
327
842
825
891
361
918
482
816
887
746
23
545
655
198
149
38
428
500
829
833
46
672
939
43
553
505
516
84
742
666
913
244
990
447
218
727
800
860
876
798
605
49
495
61
455
232
698
610
350
66
192
374
722
956
563
997
985
524
114
947
115
34
963
78
850
946
571
299
223
384
211
79
91
579
835
652
464
790
617
475
415
1007
671
866
749
119
529
699
875
700
1
401
423
626
618
321
299
202
460
759
248
836
196
644
666
919
630
616
686
343
255
902
349
779
827
746
57
365
504
150
829
258
915
831
355
828
368
78
332
589
629
825
647
436
662
62
311
272
431
439
550
968
222
924
734
267
341
109
207
154
175
102
29
210
776
209
44
909
329
803
691
729
117
927
74
503
539
31
758
856
679
832
701
262
112
777
670
737
453
738
488
584
234
499
755
509
664
586
239
762
500
300
49
532
188
348
842
374
101
542
240
635
352
771
657
285
974
546
617
643
641
132
781
278
261
145
976
908
528
22
30
335
522
244
944
956
552
469
854
571
411
593
970
530
466
395
516
0
198
307
356
994
66
914
252
32
338
885
695
687
945
852
554
451
599
907
237
583
739
65
122
414
621
398
520
993
510
99
56
280
444
270
903
149
318
156
928
381
811
90
367
566
440
330
40
7
889
435
800
783
987
513
89
246
639
305
595
172
773
628
276
97
251
651
938
613
168
67
189
929
537
676
470
707
966
564
490
421
362
39
317
536
784
380
405
887
983
892
512
559
720
930
640
989
152
904
462
910
955
204
98
141
85
225
655
479
817
167
43
851
157
295
548
893
642
864
560
511
801
935
659
754
547
53
795
538
558
47
986
126
721
382
482
454
170
327
684
703
515
925
913
127
736
461
883
745
41
592
786
9
879
681
296
502
531
275
37
241
845
369
233
623
959
19
882
807
84
556
176
953
448
277
94
249
896
313
358
524
328
467
54
954
173
711
269
180
59
238
798
705
980
413
816
45
4
125
765
133
850
769
833
91
702
144
631
483
840
897
70
279
581
844
501
477
263
562
780
607
441
792
14
410
789
941
306
473
181
128
463
294
672
697
73
403
265
409
979
387
523
148
166
606
158
808
384
967
899
371
396
316
310
68
282
171
231
692
63
690
741
573
297
730
497
587
427
975
728
723
118
712
551
457
764
969
236
494
103
665
38
796
378
710
344
920
973
835
658
743
386
870
428
42
194
271
518
685
815
960
134
114
465
888
325
614
646
931
50
24
443
212
361
219
492
761
995
806
92
880
3
182
376
449
283
744
484
748
177
250
948
105
27
281
858
256
591
455
487
429
704
298
766
724
375
905
205
674
228
580
33
988
555
867
653
121
884
211
855
69
481
159
916
331
782
881
689
822
359
526
819
963
873
961
364
742
814
379
438
871
863
588
660
785
12
596
576
804
284
733
130
645
534
760
590
578
326
48
568
922
353
799
2
964
458
794
478
787
972
385
943
708
146
957
824
868
333
716
753
55
843
192
775
312
224
622
452
718
52
649
693
309
274
673
303
627
719
934
752
788
292
402
216
223
830
120
13
174
426
243
257
247
227
390
906
155
648
389
17
96
857
489
287
197
751
605
165
757
997
654
717
273
722
422
688
774
142
195
612
6
58
951
474
527
740
933
706
408
347
656
36
514
886
138
288
319
610
668
962
958
563
802
459
124
339
839
874
178
582
727
569
203
76
229
308
517
715
72
735
495
545
388
147
507
608
926
35
770
253
508
417
200
220
286
638
570
939
34
370
823
998
226
678
675
849
83
266
652
100
450
996
826
399
667
46
215
164
115
791
412
354
476
869
937
895
342
661
208
218
594
940
541
949
846
350
567
337
731
442
698
634
768
472
609
186
942
340
445
876
360
965
601
950
322
838
891
813
714
108
151
289
921
540
797
179
981
565
10
726
747
475
51
77
663
129
131
214
535
650
543
259
984
143
393
201
153
160
184
597
139
579
982
505
82
193
834
430
480
946
860
923
549
611
377
763
217
320
71
110
971
750
323
88
553
991
544
709
682
625
163
848
235
80
694
61
383
602
190
301
213
725
918
493
872
809
793
468
890
206
911
116
81
268
603
433
577
572
242
416
878
637
418
585
183
221
999
432
624
419
894
415
600
25
232
254
86
812
898
437
407
230
810
598
683
161
21
486
357
23
394
821
912
304
191
60
713
990
669
604
79
778
632
28
853
561
104
790
199
140
64
26
498
952
424
324
351
633
841
113
574
106
5
521
932
947
680
373
677
372
11
506
446
696
291
406
314
519
496
336
245
346
366
425
917
404
900
420
456
107
111
392
290
400
334
619
767
260
861
15
187
865
557
877
345
615
8
169
75
620
293
16
95
162
391
363
901
859
135
434
818
636
397
847
464
732
805
936
977
491
185
137
525
756
302
18
978
820
87
992
471
533
862
485
264
136
772
985
20
575
93
447
837
123
315
1008
20
999
737
997
180
620
615
944
269
343
472
687
910
466
653
202
452
92
523
900
35
791
80
753
648
7
166
668
210
298
959
716
171
584
66
551
326
643
444
361
658
327
268
31
560
142
601
862
57
482
610
897
902
858
978
635
960
782
341
756
161
160
825
424
70
590
296
935
850
583
800
48
252
118
178
433
879
84
409
932
689
718
220
697
120
664
241
722
836
456
443
600
8
907
81
469
844
76
63
320
955
329
855
212
673
185
730
699
248
130
570
388
698
613
208
259
546
725
335
908
872
747
45
260
200
148
809
915
758
843
107
196
803
64
47
344
489
515
127
51
544
378
503
457
883
724
218
543
693
558
599
788
924
605
216
458
562
921
899
389
52
384
512
816
633
708
989
519
975
67
386
116
187
286
679
227
313
213
761
504
100
464
774
834
799
435
61
390
306
391
709
662
450
577
540
403
374
245
129
465
663
89
674
164
59
410
399
470
707
517
25
990
449
495
732
762
132
571
182
500
460
287
340
819
726
922
741
536
392
237
436
905
451
808
285
72
669
770
437
0
735
861
56
938
588
197
102
889
322
596
119
710
152
10
445
23
263
683
199
817
125
603
611
145
223
143
569
432
700
796
659
419
345
251
911
162
250
280
784
903
209
952
192
275
780
206
231
985
847
19
954
748
920
766
532
909
347
579
26
846
535
506
14
502
172
984
336
249
174
423
426
191
490
810
271
557
487
140
104
561
863
295
895
312
156
49
398
801
90
28
637
485
149
885
363
614
684
476
385
802
71
866
498
892
522
136
936
896
188
508
950
749
641
46
348
711
660
158
267
186
521
283
40
13
204
625
305
973
626
447
675
941
507
365
114
623
278
108
982
387
807
685
856
300
103
133
827
440
315
787
979
806
235
242
463
412
624
649
859
894
647
289
814
639
891
79
795
744
771
677
916
923
33
527
203
775
656
32
330
919
24
214
715
247
604
873
634
128
279
881
293
612
238
837
913
73
886
786
852
240
375
750
645
832
266
967
621
393
951
60
566
175
578
691
421
88
359
530
184
65
994
468
820
270
757
478
11
497
461
746
874
397
350
217
995
939
563
94
101
798
652
201
85
565
246
137
325
529
622
828
3
318
224
793
968
992
933
695
418
676
765
945
958
239
228
712
592
110
781
845
194
253
406
961
382
176
417
510
168
738
258
926
723
58
823
121
427
294
509
42
550
34
277
835
493
153
314
646
868
480
405
875
230
337
288
302
501
727
783
686
572
956
976
593
438
21
559
539
331
282
98
284
244
813
122
733
655
867
68
233
257
888
692
167
602
537
151
568
169
430
261
83
255
971
713
366
870
934
513
857
357
425
778
869
524
943
273
805
377
854
880
111
638
44
567
763
29
276
177
307
564
586
368
703
654
150
205
157
505
155
969
91
41
585
672
117
147
609
963
170
467
860
173
381
477
165
589
429
346
112
606
740
849
131
139
37
353
292
797
661
95
290
496
840
878
731
69
760
43
78
581
215
743
767
702
109
434
729
17
607
651
383
777
542
642
591
53
993
549
124
225
12
448
360
364
690
97
772
525
355
511
754
912
574
962
159
38
755
991
893
739
580
370
431
82
818
183
376
953
367
39
492
369
402
947
141
211
734
316
811
681
494
618
582
541
16
701
254
416
454
931
986
554
126
830
759
87
395
311
6
534
864
998
575
486
308
898
198
728
442
404
981
949
887
309
736
779
555
54
352
50
453
93
773
556
595
705
927
794
826
488
696
890
459
848
706
720
930
27
904
236
518
310
804
865
415
189
821
937
401
914
671
792
411
545
379
640
940
831
301
871
636
925
876
123
264
190
428
957
597
587
229
144
628
422
667
742
265
407
135
877
785
917
474
631
281
964
987
632
134
665
304
356
841
373
479
274
484
650
965
851
36
882
22
324
441
15
514
333
256
179
77
328
297
414
764
86
790
974
96
262
99
9
146
552
983
884
219
980
928
272
946
475
629
319
630
627
608
334
499
222
207
317
105
547
362
531
942
446
988
619
291
332
74
455
573
719
413
598
533
372
354
5
594
906
163
471
113
408
62
380
838
666
972
812
717
339
688
516
371
966
358
195
528
704
752
520
299
1
839
929
221
394
491
721
745
106
822
576
226
970
657
481
138
473
833
678
548
769
918
789
115
616
776
538
349
996
323
342
30
751
303
234
243
2
901
644
682
948
842
553
75
4
526
321
338
181
694
829
462
815
977
55
483
853
420
232
670
396
351
439
18
154
714
617
193
400
824
680
768
1009
